663377480517527085761699876857552918
035633741549181502828557169264902506
842597098863386269132035784975083359
503224033813964069382246889897168828
039367935190814670516993502232163975
923365864605785438346917123349207312
225671107542055934231039700655762101
355982523584045731927047817126999468
988557520442791987827354460445424587
006978350946863530036893133380147861
678066454678492286687624998096907707
826330149486553047358335412353571288
137287457353301419021737506247302120
111275258230530567268744427016681175
684314197296099830365164030298844255
789500835487833206462704792838771343
148500146462588584111205976942972730
288583493248737441250320196125802326
366027130101073135072042714379568067
532842868383242050385823077424543252
